9788374802680 http://www.ceneo.pl/17837979 ; Drood ; Dan Simmons ; Mag ; oprawa twarda ; 28082012
9788374804028
9788374801126
9788374800747
9788375744675
9788374803878
9788374804318
9788374804509
9788374804202
9788374803861
9788308046647
9788308042533
9788308041826
9788308042267
9788308042779
9788378396659
9788380691759
9788373018488
9788373018471
9788373018464
9788373017269
9788373017252
9788373017238
9788378185772
9788375108354
9788374801225
9788374800877
9788377855812
9788377855805
9788374806497
9788374805438
9788373011847
9788374804660
9788374804219
9788374806466
9788374806374
9788374806275
9788374805568
9788374805551
9788374805537
9788375444469
9788374180740
9788374180856
9788374180668
9788377311578
9788374802055
9788375066784
9788375061932
9788375064346
9788375063448
9788375062397
9788375062380
9788361516514
9788374801744
9788374802710
9788375061154
9788375060027
9788372986843
9788372984778
9788371509472
9788371509464
9788375524017
9788375524024
9788375524031
9788375524048
9788375524055
9788375524062
9788375524079
9788375524086
9788375524093
9788375524109
9788375524116
9788375524123
9788375524130
9788375524147
9788375524154
9788375524161
9788374805391
9788374805407
9788374805414
9788374805506
9788374805513
9788374805582
9788374805575
9788375746068
9788375746105
9788375746143
9788375747478
9788374805841
9788374806329
9788374806336
9788374805452
9788374805384
9788374805599
9788375901894
9788375900873
9788375900781
9788375900644
9788375900859
9788375900842
9788375900712
9788375900736
9788375900804
9788324123148
9788324121331
9788324122672
9788377855621
9788389738872
9788374802178
9788301132493
9788361710141
9780810993730
9788377050255
9788393320455
9788386183487
9788386183524
9788374804288
9788374804394
9788374804363
9788324515134
9788393996025
9788388565595
9788386183494
9788386183517
9788362521258
9788375741360
9788375741407
9788375741162
9788375741124
9788389595461
9788389595478
9788377583357
9788324591244
9788324589791
9788324585557
9788374802932
9788374804462
9788362980086
9788374800297
9788374800785
9788374800150
9788324615865
9788375063288
9788375064179
9788374805858
9788374804172
9788374801218
9788374800860
9788374801768
9788374801224
9788374801331
9788374801614
9788374801409
9788374801546
9788374802215
9788374804158
9788374804165
9788374805421
9788374804455
9788374805308
9788374806442
9788374806398
9788374805292
9788374801935
9788374800327
9788374802741
9788374801867
9788374801577
9788374802048
9788374802864
9788374800235
9788374800792
9788374804295
9788374802185
9788374804578
9788374804271
9788374801157
9788374801461
9788374802703
9788374806312
9788374805285
9788374801942
9788374802406
9788374802871
9788374805315
9788374802345
9788374802772
9788374803687
9788374804110
9788374803632
9788374803700
9788374801959
9788324595327
